VNUM	TYPE	MODEL	NAME	REG_1	REG_2	REG_3	REG_4	XROT_LIMIT	YROT_LIMIT	ZROT_LIMIT	PRICE	MATERIALS	NPC	GROUP	DEPEND_GROUP	???????
14013	FACILITY	jedan	Waffenschmiede	-525	-525	525	525	0	0	360	20000000	90010,20/90011,30/90012,20	20044	2	1	1
14014	FACILITY	jedan	Rüstungsschmiede	-525	-525	525	525	0	0	360	20000000	90010,20/90011,30/90012,20	20045	2	1	1
14015	FACILITY	jedan	Juwelier	-525	-525	525	525	0	0	360	20000000	90010,20/90011,30/90012,20	20046	2	1	1
14033	FACILITY	suryeonjang	Trainings-Center	-832.57	-472.99	832.57	472.99	0	0	360	20000000	90010,25/90011,25/90012,25	0	0	0	2
14043	FACILITY	yonggwangro	Diamantofen	-179.63	-199.89	179.63	199.89	0	0	360	20000000	90010,15/90011,20/90012,25	20060	3	1	1
14045	FACILITY	yonggwangro	Fossilholzofen	-179.63	-199.89	179.63	199.89	0	0	360	20000000	90010,15/90011,20/90012,25	20062	3	1	1
14046	FACILITY	yonggwangro	Kupferofen	-179.63	-199.89	179.63	199.89	0	0	360	20000000	90010,15/90011,20/90012,25	20063	3	1	1
14047	FACILITY	yonggwangro	Silberofen	-179.63	-199.89	179.63	199.89	0	0	360	20000000	90010,15/90011,20/90012,25	20064	3	1	1
14048	FACILITY	yonggwangro	Goldofen	-179.63	-199.89	179.63	199.89	0	0	360	20000000	90010,15/90011,20/90012,25	20065	3	1	1
14049	FACILITY	yonggwangro	Jadeofen	-179.63	-199.89	179.63	199.89	0	0	360	20000000	90010,15/90011,20/90012,25	20066	3	1	1
14050	FACILITY	yonggwangro	Ebenholzofen	-179.63	-199.89	179.63	199.89	0	0	360	20000000	90010,15/90011,20/90012,25	20067	3	1	1
14051	FACILITY	yonggwangro	Perlenofen	-179.63	-199.89	179.63	199.89	0	0	360	20000000	90010,15/90011,20/90012,25	20068	3	1	1
14052	FACILITY	yonggwangro	Weißgoldofen	-179.63	-199.89	179.63	199.89	0	0	360	20000000	90010,15/90011,20/90012,25	20069	3	1	1
14053	FACILITY	yonggwangro	Kristallofen	-179.63	-199.89	179.63	199.89	0	0	360	20000000	90010,15/90011,20/90012,25	20070	3	1	1
14054	FACILITY	yonggwangro	Quarzofen	-179.63	-199.89	179.63	199.89	0	0	360	20000000	90010,15/90011,20/90012,25	20071	3	1	1
14055	FACILITY	yonggwangro	Himmelstränenofen	-179.63	-199.89	179.63	199.89	0	0	360	20000000	90010,15/90011,20/90012,25	20072	3	1	1
14061	FACILITY	himuijedan_01	Altar der Kraft	-523.91	-995.84	527.55	750.99	0	0	360	25000000	90010,25/90011,25/90012,25	20077	4	1	1
14062	FACILITY	himuijedan_02	Altar der Kraft	-586.17	-995.84	587.18	818.56	0	0	360	500000000	90010,50/90011,50/90012,50	20078	4	4	2
14063	FACILITY	himuijedan_03	Altar der Kraft	-664.7	-995.84	665.7	896.57	0	0	360	750000000	90010,75/90011,75/90012,75	20079	4	4	2
14100	HEADQUARTER	a1-011-workhouse	Haus (1)	-676.52	-894.26	690.18	749.32	0	0	360	20000000	90010,20/90011,30/90012,25	0	1	0	1
14101	OBJECT	a1-038-wall-corner	Steinmauer (1-1)	-400	-153.53	156.48	400	0	0	360	2000000	90010,15/90011,5/90012,5	0	5	0	2
14102	OBJECT	a1-038-wall-lin	Steinmauer (1-2)	-200	-106.73	300	106.73	0	0	360	1000000	90010,15/90011,5/90012,5	0	5	0	2
14103	OBJECT	a1-038-wall-lin2	Steinmauer (1-3)	-500	-106.73	500	106.73	0	0	360	1000000	90010,15/90011,5/90012,5	0	5	0	2
14104	OBJECT	a1-038-wall-door	Tor (1)	-1000	-274.73	1000	274.73	0	0	360	2500000	90010,5/90011,15/90012,10	0	5	0	2
14105	BUILDIN	a1-set	Mauer (1)	-1000	-274.73	1000	274.73	0	0	360	2500000	90010,5/90011,15/90012,10	0	5	0	1
14110	HEADQUARTER	b1-011-workhouse	Haus (2)	-678.76	-894.26	687.94	749.32	0	0	360	20000000	90010,20/90011,30/90012,25	0	1	0	1
14111	OBJECT	b1-038-wall-corner	Steinmauer (2-1)	-400	-153.53	156.48	400	0	0	360	2000000	90010,15/90011,5/90012,5	0	5	0	2
14112	OBJECT	b1-038-wall-lin	Steinmauer (2-2)	-200	-106.73	300	106.73	0	0	360	1000000	90010,15/90011,5/90012,5	0	5	0	2
14113	OBJECT	b1-038-wall-lin2	Steinmauer (2-3)	-500	-106.73	500	106.73	0	0	360	1000000	90010,15/90011,5/90012,5	0	5	0	2
14114	OBJECT	b1-038-wall-door	Tor (2)	-1000	-274.73	1000	274.73	0	0	360	2500000	90010,5/90011,15/90012,10	0	5	0	2
14115	BUILDIN	b1-set	Mauer (2)	-1000	-274.73	1000	274.73	0	0	360	2500000	90010,5/90011,15/90012,10	0	5	0	1
14120	HEADQUARTER	c1-011-workhouse	Haus (3)	-676.52	-894.26	690.18	749.32	0	0	360	20000000	90010,20/90011,30/90012,25	0	1	0	1
14121	OBJECT	c1-038-wall-corner	Steinmauer (3-1)	-400	-153.53	156.48	400	0	0	360	2000000	90010,15/90011,5/90012,5	0	5	0	2
14122	OBJECT	c1-038-wall-lin	Steinmauer (3-2)	-200	-106.73	300	106.73	0	0	360	1000000	90010,15/90011,5/90012,5	0	5	0	2
14123	OBJECT	c1-038-wall-lin2	Steinmauer (3-3)	-500	-106.73	500	106.73	0	0	360	1000000	90010,15/90011,5/90012,5	0	5	0	2
14124	OBJECT	c1-038-wall-door	Tor (3)	-1000	-274.73	1000	274.73	0	0	360	2500000	90010,5/90011,15/90012,10	0	5	0	2
14125	BUILDIN	c1-set	Mauer (3)	-1000	-274.73	1000	274.73	0	0	360	2500000	90010,5/90011,15/90012,10	0	5	0	1
14200	OBJECT	guild_symbol	Gildensymbol	-45.9	-9.44	42.68	40.13	0	0	360	3000000	90011,5/90012,5	0	0	1	1
14201	WALL	fence01_door01	Wandvorderseite	-1000	-54	1000	20	0	0	360	3000000	"90010.50"	0	0	1	1
14202	WALL	fence01_back01	Wandrückseite	-1000	-18	1000	18	0	0	360	3000000	"90010.50"	0	0	1	1
14203	WALL	fence01_left01	Wand links	-19	-1362	19	1362	0	0	360	3000000	"90010.50"	0	0	1	1
14204	WALL	fence01_right01	Wand rechts	-18	-1362	18	1362	0	0	360	3000000	"90010.50"	0	0	1	1
14300	OBJECT	general_obj_stone01	Stein1	-116.04	-118.44	116.04	118.44	0	0	360	300000	90010,5	0	0	0	1
14301	OBJECT	general_obj_stone02	Stein2	-118.05	-132.67	118.05	132.67	0	0	360	300000	90010,5	0	0	0	1
14302	OBJECT	general_obj_stone03	Stein3	-133.43	-102.96	133.43	102.96	0	0	360	300000	90010,7	0	0	0	1
14303	OBJECT	general_obj_stone04	Stein4	-104.21	-117.82	104.21	117.82	0	0	360	300000	90010,7	0	0	0	1
14304	OBJECT	general_obj_stone05	Stein5	-171.59	-145.52	171.59	145.52	0	0	360	300000	90010,7	0	0	0	1
14305	OBJECT	general_obj_stone06	Stein6	-192.74	-201.58	192.74	201.58	0	0	360	300000	90010,8	0	0	0	1
14306	OBJECT	general_obj_stone07	Stein7	-183.58	-184.01	183.58	184.01	0	0	360	300000	90010,8	0	0	0	1
14307	OBJECT	general_obj_stone08	Stein8	-66.89	-56.67	66.89	56.67	0	0	360	300000	90010,8	0	0	0	1
14308	OBJECT	general_obj_stone09	Stein9	-65.87	-53.47	65.87	53.47	0	0	360	300000	90010,9	0	0	0	1
14309	OBJECT	general_obj_stone10	Stein10	-182.17	-123.03	182.17	123.03	0	0	360	300000	90010,9	0	0	0	1
14400	OBJECT	B1_PagodaTree_RT	Baum1					0	0	360	2000000	90011,5	0	0	0	1
14401	OBJECT	B1_PagodaTree_RT3	Baum2					0	0	360	2000000	90011,5	0	0	0	1
14402	OBJECT	B1_Sassafras_RT_Fall	Baum3					0	0	360	2000000	90011,7	0	0	0	1
14403	OBJECT	B1_Sassafras_RT_Fall2	Baum4					0	0	360	2000000	90011,7	0	0	0	1
14404	OBJECT	B3_ShingleOak_RT2	Baum5					0	0	360	2000000	90011,7	0	0	0	1
14405	OBJECT	B2_IvySpy_RT	Baum6					0	0	360	2000000	90011,9	0	0	0	1
14406	OBJECT	B2_IvySpy_RT4	Baum7					0	0	360	2000000	90011,9	0	0	0	1
14407	OBJECT	B2_JapaneseMaple_RT_Fall	Baum8					0	0	360	2000000	90011,9	0	0	0	1
14408	OBJECT	B2_JapaneseMaple_RT_Fall2	Baum9					0	0	360	2000000	90011,9	0	0	0	1
